/*
 * The MIT License
 *
 * Copyright (c) 1997-2017 The University of Utah
 *
 * Permission is hereby granted, free of charge, to any person obtaining a copy
 * of this software and associated documentation files (the "Software"), to
 * deal in the Software without restriction, including without limitation the
 * rights to use, copy, modify, merge, publish, distribute, sublicense, and/or
 * sell copies of the Software, and to permit persons to whom the Software is
 * furnished to do so, subject to the following conditions:
 *
 * The above copyright notice and this permission notice shall be included in
 * all copies or substantial portions of the Software.
 *
 * THE SOFTWARE IS PROVIDED "AS IS", WITHOUT WARRANTY OF ANY KIND, EXPRESS OR
 * IMPLIED, INCLUDING BUT NOT LIMITED TO THE WARRANTIES OF MERCHANTABILITY,
 * FITNESS FOR A PARTICULAR PURPOSE AND NONINFRINGEMENT. IN NO EVENT SHALL THE
 * AUTHORS OR COPYRIGHT HOLDERS BE LIABLE FOR ANY CLAIM, DAMAGES OR OTHER
 * LIABILITY, WHETHER IN AN ACTION OF CONTRACT, TORT OR OTHERWISE, ARISING
 * FROM, OUT OF OR IN CONNECTION WITH THE SOFTWARE OR THE USE OR OTHER DEALINGS
 * IN THE SOFTWARE.
 */

#ifndef Uintah_Component_Arches_CharOxidationSmith_h
#define Uintah_Component_Arches_CharOxidationSmith_h

#include <CCA/Components/Arches/CoalModels/CharOxidation.h>
#include <CCA/Components/Arches/CoalModels/ModelBase.h>
#include <CCA/Components/Arches/ArchesVariables.h>
#include <CCA/Components/Arches/Directives.h>
#include <CCA/Components/Arches/CoalModels/CoalModelFactory.h>

#include <Core/Datatypes/DenseMatrix.h>
#include <Core/Grid/SimulationStateP.h>
#include <Core/Grid/Variables/VarTypes.h>
#include <Core/ProblemSpec/ProblemSpec.h>

#include <string>
#include <vector>


namespace Uintah {

//---------------------------------------------------------------------------
// Builder

class CharOxidationSmithBuilder: public ModelBuilder
{
public:
  CharOxidationSmithBuilder( const std::string          & modelName,
                               const std::vector<std::string>  & reqICLabelNames,
                               const std::vector<std::string>  & reqScalarLabelNames,
                               ArchesLabel          * fieldLabels,
                               SimulationStateP           & sharedState,
                               int qn );

  ~CharOxidationSmithBuilder();

  ModelBase* build();

private:

};

// End Builder
//---------------------------------------------------------------------------

class CharOxidationSmith: public CharOxidation {
public:

  CharOxidationSmith( std::string modelName,
                        SimulationStateP& shared_state,
                        ArchesLabel* fieldLabels,
                        std::vector<std::string> reqICLabelNames,
                        std::vector<std::string> reqScalarLabelNames,
                        int qn );

  ~CharOxidationSmith();

  typedef std::map< std::string, ModelBase*> ModelMap;
  typedef std::map< std::string, Devolatilization*> DevolModelMap;
  /////////////////////////////////////////
  // Initialization methods

  /** @brief Interface for the inputfile and set constants */
  void problemSetup(const ProblemSpecP& db, int qn);

  /** @brief Schedule the initialization of some special/local variables */
  void sched_initVars( const LevelP& level, SchedulerP& sched );

  /** @brief  Actually initialize some special/local variables */
  void initVars( const ProcessorGroup * pc,
                 const PatchSubset    * patches,
                 const MaterialSubset * matls,
                 DataWarehouse        * old_dw,
                 DataWarehouse        * new_dw );

  /////////////////////////////////////////////
  // Model computation methods

  /** @brief Schedule the calculation of the source term */
  void sched_computeModel( const LevelP& level, SchedulerP& sched,
                           int timeSubStep );

  /** @brief Actually compute the source term */
  void computeModel( const ProcessorGroup* pc,
                     const PatchSubset* patches,
                     const MaterialSubset* matls,
                     DataWarehouse* old_dw,
                     DataWarehouse* new_dw,
                     const int timeSubStep );
  /////////////////////////////////////////////////
  // Access methods
private:

  // UDF's
  inline void root_function( std::vector<double> &F, std::vector<double> &rh_l, std::vector<double> &co_r, double &gas_rho, double &cg, std::vector<double> &k_r, double &MW, double &r_devol, double &p_diam, std::vector<double> &Sh, double &w, double &p_area, std::vector<double> &_D_oxid_mix_l, std::vector<double> &phi_l);
  
  struct InversionBase {
    virtual void invert_mat(DenseMatrix* &dfdrh)=0;
    virtual ~InversionBase(){}
  };
  
  struct invert_2_2 : InversionBase {
    void invert_mat(DenseMatrix* &dfdrh) {
      double a11=(*dfdrh)[0][0];
      double a12=(*dfdrh)[0][1];
      double a21=(*dfdrh)[1][0];
      double a22=(*dfdrh)[1][1];
      double det = a11*a22-a12*a21;
      double det_inv = 1/det;
      (*dfdrh)[0][0]=a22*det_inv;
      (*dfdrh)[0][1]=-a12*det_inv;
      (*dfdrh)[1][0]=-a21*det_inv;
      (*dfdrh)[1][1]=a11*det_inv;
    }
    ~invert_2_2(){}
  };
  
  struct invert_3_3 : InversionBase {
    void invert_mat(DenseMatrix* &dfdrh) {
      double a11=(*dfdrh)[0][0];
      double a12=(*dfdrh)[0][1];
      double a13=(*dfdrh)[0][2];
      double a21=(*dfdrh)[1][0];
      double a22=(*dfdrh)[1][1];
      double a23=(*dfdrh)[1][2];
      double a31=(*dfdrh)[2][0];
      double a32=(*dfdrh)[2][1];
      double a33=(*dfdrh)[2][2];
      double det = a11*a22*a33+a21*a32*a13+a31*a12*a23-a11*a32*a23-a31*a22*a13-a21*a12*a33;
      double det_inv = 1/det;
      (*dfdrh)[0][0]=(a22*a33-a23*a32)*det_inv;
      (*dfdrh)[0][1]=(a13*a32-a12*a33)*det_inv;
      (*dfdrh)[0][2]=(a12*a23-a13*a22)*det_inv;
      (*dfdrh)[1][0]=(a23*a31-a21*a33)*det_inv;
      (*dfdrh)[1][1]=(a11*a33-a13*a31)*det_inv;
      (*dfdrh)[1][2]=(a13*a21-a11*a23)*det_inv;
      (*dfdrh)[2][0]=(a21*a32-a22*a31)*det_inv;
      (*dfdrh)[2][1]=(a12*a31-a11*a32)*det_inv;
      (*dfdrh)[2][2]=(a11*a22-a12*a21)*det_inv;
    }
    ~invert_3_3(){}
  };


  // Particle VarLabels
  const VarLabel* _char_varlabel;
  const VarLabel* _RHS_source_varlabel;
  const VarLabel* _char_birth_label;
  const VarLabel* _rcmass_varlabel;
  const VarLabel* _RC_RHS_source_varlabel;
  const VarLabel* _rawcoal_birth_label;
  const VarLabel* _devolRCLabel;
  const VarLabel* _particle_temperature_varlabel;
  const VarLabel* _number_density_varlabel;
  std::vector< const VarLabel*> _weight_varlabel;
  std::vector< const VarLabel*> _length_varlabel;
  std::vector< const VarLabel*> _reaction_rate_varlabels;
  // gas-phase VarLabels
  const VarLabel* _gas_temperature_varlabel;
  const VarLabel* _MW_varlabel;
  std::vector< const VarLabel*> _species_varlabels;
  // global constants
  double _HF_CO2; // [J/mol]
  double _HF_CO; // [J/mol]
  double _T0;
  double _R_cal; // [cal/ (K mol) ]
  double _R; // [J/ (K mol) ]
  double _gasPressure; // [ J / m^3 ] or [ N /m^2]

  // from input file
  double _RC_scaling_constant;   ///< Scaling factor for raw coal internal coordinate
  double _char_scaling_constant;   ///< Scaling factor for char internal coordinate
  double _weight_scaling_constant;   ///< Scaling factor for weight
  double _weight_small;   ///< small weight
  std::vector<bool> _use_co2co_l;
  std::vector<std::string> _oxid_l;
  std::vector<double> _MW_l;
  std::vector<double> _a_l;
  std::vector<double> _e_l;
  std::vector<double> _phi_l;
  std::vector<double> _hrxn_l;
  int _NUM_reactions; //
  int _NUM_species; //
  double _Mh; // 12 kg carbon / kmole carbon
  double _S;
  double _dynamic_visc; // [kg/(m s)]
  int _nQn_part;
  std::vector<std::vector<double> > _D_mat;
  std::vector<double> _MW_species;
  std::vector<int> _oxidizer_indices;
  std::vector<int> _other_indices;
  std::vector<std::string> _species_names;

  struct diffusion_terms{
    int num_species;
    double D_matrix[53][53];
    double MW_sp[53];
    std::string sp_name[53];
    diffusion_terms()
    {
      int num_speciess = 53;
      num_species = num_speciess;
      std::string sp_names[53] = {"H2", "H", "O", "O2", "OH", "H2O", "HO2", "H2O2", "C", "CH",
                                 "CH2", "CH2(s)", "CH3", "CH4", "CO", "CO2", "HCO", "CH2O",
                                 "CH2OH", "CH3O", "CH3OH", "C2H", "C2H2", "C2H3", "C2H4", "C2H5",
                                 "C2H6", "HCCO", "CH2CO", "HCCOH", "N", "NH", "NH2", "NH3", "NNH",
                                 "NO", "NO2", "N2O", "HNO", "CN", "HCN", "H2CN", "HCNN", "HCNO",
                                 "HOCN", "HNCO", "NCO", "N2", "AR", "C3H7", "C3H8", "CH2CHO", "CH3CHO"};
      double MW_sps[53] = { 2.01588,   1.00794,  15.9994 ,  31.9988 ,  17.00734,  18.01528,
                           33.00674,  34.01468,  12.011  ,  13.01894,  14.02688,  14.02688,
                           15.03482,  16.04276,  28.0104 ,  44.0098 ,  29.01834,  30.02628,
                           31.03422,  31.03422,  32.04216,  25.02994,  26.03788,  27.04582,
                           28.05376,  29.0617 ,  30.06964,  41.02934,  42.03728,  42.03728,
                           14.00674,  15.01468,  16.02262,  17.03056,  29.02142,  30.00614,
                           46.00554,  44.01288,  31.01408,  26.01774,  27.02568,  28.03362,
                           41.03242,  43.02508,  43.02508,  43.02508,  42.01714,  28.01348,
                           39.948  ,  43.08858,  44.09652,  43.04522,  44.05316};
      double D_matrixs[53][53] = {
        { 0.000145984351729 , 0.000216211927313 ,  0.000108401377675 ,  8.07128095847e-05 ,  0.000108041339483 ,  8.56464683113e-05 ,  8.06397395297e-05 ,  8.05709394786e-05 ,  9.27696811203e-05 ,  0.000109781066456 ,  7.30788964675e-05 ,  7.30788964675e-05 ,  7.27704345478e-05 ,  7.37420289581e-05 ,  7.71651516916e-05 ,  6.62980613017e-05 ,  6.35485574041e-05 ,  6.34792356359e-05 ,  6.27902071223e-05 ,  6.27902071223e-05 ,  6.29198324977e-05 ,  6.22521981146e-05 ,  6.21623245667e-05 ,  6.20790338829e-05 ,  6.19088024053e-05 ,  5.71346276169e-05 ,  5.70724792663e-05 ,  0.00010709475062 ,  5.73718523151e-05 ,  5.73718523151e-05 ,  9.18149367416e-05 ,  0.000112740068154 ,  0.00011231953918 ,  8.02519156487e-05 ,  7.60571359887e-05 ,  7.77478711965e-05 ,  7.35608205674e-05 ,  6.53449368559e-05 ,  7.93250811773e-05 ,  7.46361059774e-05 ,  6.15441097273e-05 ,  6.14672625434e-05 ,  0.000107094562384 ,  6.53777808188e-05 ,  6.53777808188e-05 ,  6.53777808188e-05 ,  6.54128680328e-05 ,  7.79217534367e-05 ,  8.14539332397e-05 ,  4.68641059132e-05 ,  4.68401619051e-05 ,  5.73117527089e-05 },
        { 0.000216211927313 , 0.000304483513562 ,  0.000177561840827 ,  0.000127095331259 ,  0.000177249737738 ,  0.000129476446102 ,  0.000127036057157 ,  0.000126980270677 ,  0.000146633255618 ,  0.000178762334698 ,  0.000109617248518 ,  0.000109617248518 ,  0.000109370638568 ,  0.000111384620128 ,  0.000120682863372 ,  9.85639816655e-05 ,  9.00706615545e-05 ,  9.00198991652e-05 ,  9.05131710908e-05 ,  9.05131710908e-05 ,  8.93586135215e-05 ,  9.1405663902e-05 ,  9.13371523163e-05 ,  9.12737014725e-05 ,  8.98013893692e-05 ,  8.24349504582e-05 ,  8.23886253615e-05 ,  0.00017594418682 ,  8.11224389175e-05 ,  8.11224389175e-05 ,  0.000145822236443 ,  0.000185557612058 ,  0.000185190091722 ,  0.000118317746738 ,  0.000119823993233 ,  0.000121928092625 ,  0.000112166298716 ,  9.71547908956e-05 ,  0.000124151650876 ,  0.000116834783243 ,  8.6130033452e-05 ,  8.60743436028e-05 ,  0.000175944028488 ,  9.71797567851e-05 ,  9.71797567851e-05 ,  9.71797567851e-05 ,  9.72064346215e-05 ,  0.000122068945243 ,  0.000127891852357 ,  6.6140705965e-05 ,  6.61234254654e-05 ,  8.10789654034e-05 },
        { 0.000108401377675 , 0.000177561840827 ,  5.02835849703e-05 ,  3.29369093212e-05 ,  4.95329683304e-05 ,  3.75939523671e-05 ,  3.27688459503e-05 ,  3.26099521868e-05 ,  4.54763659056e-05 ,  5.30835189692e-05 ,  3.39972161349e-05 ,  3.39972161349e-05 ,  3.33844659118e-05 ,  3.34321280357e-05 ,  3.21067617343e-05 ,  2.53411984235e-05 ,  2.49801344142e-05 ,  2.4830676441e-05 ,  2.47931584878e-05 ,  2.47931584878e-05 ,  2.44148741115e-05 ,  2.57308954428e-05 ,  2.55359507469e-05 ,  2.53542009498e-05 ,  2.49263698847e-05 ,  2.2914775586e-05 ,  2.27780052273e-05 ,  4.23956695575e-05 ,  2.15443747694e-05 ,  2.15443747694e-05 ,  4.35865216581e-05 ,  5.30115503652e-05 ,  5.21442818351e-05 ,  3.51696528222e-05 ,  3.16439872504e-05 ,  3.20390736592e-05 ,  2.82214007173e-05 ,  2.50032264255e-05 ,  3.24398077164e-05 ,  3.15221859121e-05 ,  2.43047421684e-05 ,  2.4141715928e-05 ,  4.23952231543e-05 ,  2.50796300429e-05 ,  2.50796300429e-05 ,  2.50796300429e-05 ,  2.51610379456e-05 ,  3.24329395516e-05 ,  3.2154743404e-05 ,  1.77577707844e-05 ,  1.7702732243e-05 ,  2.14080518648e-05 },
        { 8.07128095847e-05 , 0.000127095331259 ,  3.29369093212e-05 ,  2.08144560865e-05 ,  3.22796835118e-05 ,  2.28082609678e-05 ,  2.06549400042e-05 ,  2.05037448057e-05 ,  3.11656883111e-05 ,  3.53611392376e-05 ,  2.31986078891e-05 ,  2.31986078891e-05 ,  2.26515249439e-05 ,  2.25340070657e-05 ,  2.06660772058e-05 ,  1.55802315447e-05 ,  1.56197351028e-05 ,  1.54816385773e-05 ,  1.53581225749e-05 ,  1.53581225749e-05 ,  1.51671197919e-05 ,  1.67772378633e-05 ,  1.65940329345e-05 ,  1.64226624791e-05 ,  1.5958502694e-05 ,  1.47856974639e-05 ,  1.46552572417e-05 ,  2.51915271553e-05 ,  1.32481881955e-05 ,  1.32481881955e-05 ,  2.9507209608e-05 ,  3.4759710922e-05 ,  3.40074234576e-05 ,  2.21624342857e-05 ,  2.04686554152e-05 ,  2.04850801543e-05 ,  1.72041555925e-05 ,  1.54169951806e-05 ,  2.0553281601e-05 ,  2.06070174834e-05 ,  1.52769121068e-05 ,  1.5127290414e-05 ,  2.51911128742e-05 ,  1.54913184591e-05 ,  1.54913184591e-05 ,  1.54913184591e-05 ,  1.55703670458e-05 ,  2.08576857285e-05 ,  1.98111494597e-05 ,  1.12663252607e-05 ,  1.12113191577e-05 ,  1.31165239577e-05 },
        { 0.000108041339483 , 0.000177249737738 ,  4.95329683304e-05 ,  3.22796835118e-05 ,  4.87708005448e-05 ,  3.69992362409e-05 ,  3.21081802178e-05 ,  3.19460005887e-05 ,  4.48947988897e-05 ,  5.23730466968e-05 ,  3.35232919752e-05 ,  3.35232919752e-05 ,  3.29017167355e-05 ,  3.29323838772e-05 ,  3.14954126737e-05 ,  2.47843655439e-05 ,  2.44983415194e-05 ,  2.43459260323e-05 ,  2.43035578427e-05 ,  2.43035578427e-05 ,  2.39274756065e-05 ,  2.52614682751e-05 ,  2.50628725344e-05 ,  2.48776667904e-05 ,  2.44514741772e-05 ,  2.24725805695e-05 ,  2.23331023243e-05 ,  4.14819861158e-05 ,  2.10768852935e-05 ,  2.10768852935e-05 ,  4.29793901959e-05 ,  5.22455213991e-05 ,  5.13653206185e-05 ,  3.46281338475e-05 ,  3.10336451005e-05 ,  3.14137465488e-05 ,  2.75939412616e-05 ,  2.44538095817e-05 ,  3.17993484627e-05 ,  3.09383805198e-05 ,  2.38480603747e-05 ,  2.36818905434e-05 ,  4.148152988e-05 ,  2.45319243938e-05 ,  2.45319243938e-05 ,  2.45319243938e-05 ,  2.46151437508e-05 ,  3.18153547717e-05 ,  3.14670455985e-05 ,  1.73698080607e-05 ,  1.73135362564e-05 ,  2.09375188147e-05 },
        { 8.56464683113e-05 , 0.000129476446102 ,  3.75939523671e-05 ,  2.28082609678e-05 ,  3.69992362409e-05 ,  1.77934285853e-05 ,  2.34148644483e-05 ,  2.32920487765e-05 ,  3.43264165625e-05 ,  3.98078978898e-05 ,  2.38187096015e-05 ,  2.38187096015e-05 ,  2.3365503844e-05 ,  2.25525720017e-05 ,  2.2401076692e-05 ,  1.60665906168e-05 ,  1.5574097203e-05 ,  1.54736491691e-05 ,  1.42245642327e-05 ,  1.42245642327e-05 ,  1.52258058125e-05 ,  1.71890539706e-05 ,  1.70492443934e-05 ,  1.69188262934e-05 ,  1.61823574304e-05 ,  1.49840910081e-05 ,  1.48876773091e-05 ,  2.94789810617e-05 ,  1.34401620889e-05 ,  1.34401620889e-05 ,  3.28263892926e-05 ,  3.97119836403e-05 ,  3.50805813199e-05 ,  1.9343834275e-05 ,  2.34893205979e-05 ,  2.24064245947e-05 ,  1.88638548079e-05 ,  1.64405564793e-05 ,  2.30021097417e-05 ,  2.33198466507e-05 ,  1.50551130122e-05 ,  1.49464672514e-05 ,  2.94786434875e-05 ,  1.64952787108e-05 ,  1.64952787108e-05 ,  1.64952787108e-05 ,  1.65535688536e-05 ,  2.2703417432e-05 ,  2.23976728079e-05 ,  1.14493892792e-05 ,  1.14107446979e-05 ,  1.33475921864e-05 },
        { 8.06397395297e-05 , 0.000127036057157 ,  3.27688459503e-05 ,  2.06549400042e-05 ,  3.21081802178e-05 ,  2.34148644483e-05 ,  2.0494182369e-05 ,  2.03417923364e-05 ,  3.10355466761e-05 ,  3.52046507931e-05 ,  2.30904050029e-05 ,  2.30904050029e-05 ,  2.25406960293e-05 ,  2.2418817298e-05 ,  2.05182625457e-05 ,  1.54418764296e-05 ,  1.55058985088e-05 ,  1.53667790027e-05 ,  1.53920448847e-05 ,  1.53920448847e-05 ,  1.50508042877e-05 ,  1.66644269502e-05 ,  1.64799679698e-05 ,  1.63073988777e-05 ,  1.58442645941e-05 ,  1.46778546441e-05 ,  1.4546447411e-05 ,  2.49744891864e-05 ,  1.31328310111e-05 ,  1.31328310111e-05 ,  2.93697199242e-05 ,  3.4589794767e-05 ,  3.38337294556e-05 ,  2.23688009462e-05 ,  2.03194715673e-05 ,  2.03331524319e-05 ,  1.70485247833e-05 ,  1.52800855808e-05 ,  2.03982379648e-05 ,  2.04654284864e-05 ,  1.5169733473e-05 ,  1.50190440905e-05 ,  2.4974071305e-05 ,  1.53550715582e-05 ,  1.53550715582e-05 ,  1.53550715582e-05 ,  1.54348179419e-05 ,  2.0708491805e-05 ,  1.96424754986e-05 ,  1.11671747826e-05 ,  1.11116778661e-05 ,  1.29999984861e-05 },
        { 8.05709394786e-05 , 0.000126980270677 ,  3.26099521868e-05 ,  2.05037448057e-05 ,  3.19460005887e-05 ,  2.32920487765e-05 ,  2.03417923364e-05 ,  2.01882520278e-05 ,  3.0912617739e-05 ,  3.50567989722e-05 ,  2.29881498465e-05 ,  2.29881498465e-05 ,  2.24359356313e-05 ,  2.23099113414e-05 ,  2.03782293941e-05 ,  1.53105796662e-05 ,  1.53980402108e-05 ,  1.52579373012e-05 ,  1.52811311864e-05 ,  1.52811311864e-05 ,  1.49405556131e-05 ,  1.65576001602e-05 ,  1.63719376304e-05 ,  1.61982176688e-05 ,  1.57360397738e-05 ,  1.45756747684e-05 ,  1.44433379204e-05 ,  2.47685779368e-05 ,  1.30233777452e-05 ,  1.30233777452e-05 ,  2.92397884128e-05 ,  3.44291831998e-05 ,  3.36695114704e-05 ,  2.22557132751e-05 ,  2.01781222715e-05 ,  2.01891850735e-05 ,  1.69008092453e-05 ,  1.5150160554e-05 ,  2.02512994447e-05 ,  2.03313306689e-05 ,  1.50682108785e-05 ,  1.491649593e-05 ,  2.47681565814e-05 ,  1.52257864169e-05 ,  1.52257864169e-05 ,  1.52257864169e-05 ,  1.53062063998e-05 ,  2.05671519407e-05 ,  1.94824649669e-05 ,  1.10730900406e-05 ,  1.1017119198e-05 ,  1.28894172935e-05 },
        { 9.27696811203e-05 , 0.000146633255618 ,  4.54763659056e-05 ,  3.11656883111e-05 ,  4.48947988897e-05 ,  3.43264165625e-05 ,  3.10355466761e-05 ,  3.0912617739e-05 ,  4.13705163034e-05 ,  4.76562687778e-05 ,  3.15926448216e-05 ,  3.15926448216e-05 ,  3.11003069486e-05 ,  3.11769371548e-05 ,  3.03888383999e-05 ,  2.44752908138e-05 ,  2.38463825373e-05 ,  2.37289249176e-05 ,  2.3747238639e-05 ,  2.3747238639e-05 ,  2.33959293227e-05 ,  2.46113801806e-05 ,  2.44564266348e-05 ,  2.43121427575e-05 ,  2.3895472426e-05 ,  2.21355754043e-05 ,  2.2026817357e-05 ,  3.92864077407e-05 ,  2.09591088776e-05 ,  2.09591088776e-05 ,  3.98696289802e-05 ,  4.76743782112e-05 ,  4.70032174796e-05 ,  3.23545333606e-05 ,  3.00573960108e-05 ,  3.03668512397e-05 ,  2.70861544461e-05 ,  2.41836265132e-05 ,  3.07000536065e-05 ,  2.98859775262e-05 ,  2.31908749465e-05 ,  2.30622411576e-05 ,  3.92860738452e-05 ,  2.42430709642e-05 ,  2.42430709642e-05 ,  2.42430709642e-05 ,  2.4306447749e-05 ,  3.06740344795e-05 ,  3.05465936203e-05 ,  1.75787932509e-05 ,  1.75349439874e-05 ,  2.08522683428e-05 },
        { 0.000109781066456 , 0.000178762334698 ,  5.30835189692e-05 ,  3.53611392376e-05 ,  5.23730466968e-05 ,  3.98078978898e-05 ,  3.52046507931e-05 ,  3.50567989722e-05 ,  4.76562687778e-05 ,  5.57429910826e-05 ,  3.57689921408e-05 ,  3.57689921408e-05 ,  3.51871092598e-05 ,  3.52961772801e-05 ,  3.43663262404e-05 ,  2.73860347253e-05 ,  2.675988642e-05 ,  2.66204225808e-05 ,  2.65999133694e-05 ,  2.65999133694e-05 ,  2.62126463765e-05 ,  2.74689847803e-05 ,  2.72864604726e-05 ,  2.71164461237e-05 ,  2.66815566787e-05 ,  2.45482149462e-05 ,  2.44205945673e-05 ,  4.57540544446e-05 ,  2.32621496655e-05 ,  2.32621496655e-05 ,  4.58563514476e-05 ,  5.58720595753e-05 ,  5.50498746335e-05 ,  3.71874772827e-05 ,  3.38985989558e-05 ,  3.43478662606e-05 ,  3.05242878102e-05 ,  2.70208272715e-05 ,  3.48032934429e-05 ,  3.36824407834e-05 ,  2.5993592059e-05 ,  2.58412225756e-05 ,  4.57536408081e-05 ,  2.70915414446e-05 ,  2.70915414446e-05 ,  2.70915414446e-05 ,  2.71669211589e-05 ,  3.47155475785e-05 ,  3.46833925349e-05 ,  1.91828639241e-05 ,  1.91319255164e-05 ,  2.31359505424e-05 },
        { 7.30788964675e-05 , 0.000109617248518 ,  3.39972161349e-05 ,  2.31986078891e-05 ,  3.35232919752e-05 ,  2.38187096015e-05 ,  2.30904050029e-05 ,  2.29881498465e-05 ,  3.15926448216e-05 ,  3.57689921408e-05 ,  2.3809558327e-05 ,  2.3809558327e-05 ,  2.3407106575e-05 ,  2.34271800122e-05 ,  2.28164480126e-05 ,  1.77426683726e-05 ,  1.68659358626e-05 ,  1.67734357387e-05 ,  1.69250036911e-05 ,  1.69250036911e-05 ,  1.65544681952e-05 ,  1.82103568613e-05 ,  1.80833289672e-05 ,  1.79649689374e-05 ,  1.74128653092e-05 ,  1.62796218999e-05 ,  1.61905564419e-05 ,  2.8187008348e-05 ,  1.49210393586e-05 ,  1.49210393586e-05 ,  3.03559490611e-05 ,  3.55925857741e-05 ,  3.50476956358e-05 ,  2.28006952415e-05 ,  2.28076712482e-05 ,  2.27643611345e-05 ,  1.96644829271e-05 ,  1.75852270154e-05 ,  2.28197445515e-05 ,  2.27157704767e-05 ,  1.6355600591e-05 ,  1.62548255801e-05 ,  2.81867388228e-05 ,  1.76339461552e-05 ,  1.76339461552e-05 ,  1.76339461552e-05 ,  1.76858714861e-05 ,  2.30208300003e-05 ,  2.24335823034e-05 ,  1.29542406641e-05 ,  1.29178298406e-05 ,  1.48353788063e-05 },
        { 7.30788964675e-05 , 0.000109617248518 ,  3.39972161349e-05 ,  2.31986078891e-05 ,  3.35232919752e-05 ,  2.38187096015e-05 ,  2.30904050029e-05 ,  2.29881498465e-05 ,  3.15926448216e-05 ,  3.57689921408e-05 ,  2.3809558327e-05 ,  2.3809558327e-05 ,  2.3407106575e-05 ,  2.34271800122e-05 ,  2.28164480126e-05 ,  1.77426683726e-05 ,  1.68659358626e-05 ,  1.67734357387e-05 ,  1.69250036911e-05 ,  1.69250036911e-05 ,  1.65544681952e-05 ,  1.82103568613e-05 ,  1.80833289672e-05 ,  1.79649689374e-05 ,  1.74128653092e-05 ,  1.62796218999e-05 ,  1.61905564419e-05 ,  2.8187008348e-05 ,  1.49210393586e-05 ,  1.49210393586e-05 ,  3.03559490611e-05 ,  3.55925857741e-05 ,  3.50476956358e-05 ,  2.28006952415e-05 ,  2.28076712482e-05 ,  2.27643611345e-05 ,  1.96644829271e-05 ,  1.75852270154e-05 ,  2.28197445515e-05 ,  2.27157704767e-05 ,  1.6355600591e-05 ,  1.62548255801e-05 ,  2.81867388228e-05 ,  1.76339461552e-05 ,  1.76339461552e-05 ,  1.76339461552e-05 ,  1.76858714861e-05 ,  2.30208300003e-05 ,  2.24335823034e-05 ,  1.29542406641e-05 ,  1.29178298406e-05 ,  1.48353788063e-05 },
        { 7.27704345478e-05 , 0.000109370638568 ,  3.33844659118e-05 ,  2.26515249439e-05 ,  3.29017167355e-05 ,  2.3365503844e-05 ,  2.25406960293e-05 ,  2.24359356313e-05 ,  3.11003069486e-05 ,  3.51871092598e-05 ,  2.3407106575e-05 ,  2.3407106575e-05 ,  2.29976131088e-05 ,  2.30044005647e-05 ,  2.23010146151e-05 ,  1.72857905031e-05 ,  1.64804071246e-05 ,  1.63857307725e-05 ,  1.65296585668e-05 ,  1.65296585668e-05 ,  1.61639081669e-05 ,  1.78148722978e-05 ,  1.76850039442e-05 ,  1.75639598864e-05 ,  1.70192958524e-05 ,  1.59073122461e-05 ,  1.58161503404e-05 ,  2.74738721459e-05 ,  1.45411839005e-05 ,  1.45411839005e-05 ,  2.98432157931e-05 ,  3.49703210172e-05 ,  3.44155801831e-05 ,  2.23776708784e-05 ,  2.22863055532e-05 ,  2.22382943294e-05 ,  1.91526809124e-05 ,  1.71323955376e-05 ,  2.22868152945e-05 ,  2.22155428531e-05 ,  1.59906093649e-05 ,  1.58875193723e-05 ,  2.74735956246e-05 ,  1.71823986881e-05 ,  1.71823986881e-05 ,  1.71823986881e-05 ,  1.72356844337e-05 ,  2.25007602254e-05 ,  2.18699462767e-05 ,  1.26224032769e-05 ,  1.25850324231e-05 ,  1.44532722251e-05 },
        { 7.37420289581e-05 , 0.000111384620128 ,  3.34321280357e-05 ,  2.25340070657e-05 ,  3.29323838772e-05 ,  2.25525720017e-05 ,  2.2418817298e-05 ,  2.23099113414e-05 ,  3.11769371548e-05 ,  3.52961772801e-05 ,  2.34271800122e-05 ,  2.34271800122e-05 ,  2.30044005647e-05 ,  2.3000612003e-05 ,  2.21963473344e-05 ,  1.71629052351e-05 ,  1.64266558104e-05 ,  1.63282018829e-05 ,  1.62642622601e-05 ,  1.62642622601e-05 ,  1.60980055866e-05 ,  1.77456300081e-05 ,  1.76109610961e-05 ,  1.74854057435e-05 ,  1.69474272042e-05 ,  1.58260008402e-05 ,  1.57313754832e-05 ,  2.73500238429e-05 ,  1.44451501336e-05 ,  1.44451501336e-05 ,  2.98797929581e-05 ,  3.50466514624e-05 ,  3.44725310584e-05 ,  2.20300445231e-05 ,  2.21650252505e-05 ,  2.21237570757e-05 ,  1.9016833973e-05 ,  1.70078750719e-05 ,  2.21763568198e-05 ,  2.2111444063e-05 ,  1.59473421096e-05 ,  1.58401913547e-05 ,  2.7349735301e-05 ,  1.70599499579e-05 ,  1.70599499579e-05 ,  1.70599499579e-05 ,  1.71154353011e-05 ,  2.23962083916e-05 ,  2.17328492561e-05 ,  1.25125869608e-05 ,  1.24737286672e-05 ,  1.43535680011e-05 },
        { 7.71651516916e-05 , 0.000120682863372 ,  3.21067617343e-05 ,  2.06660772058e-05 ,  3.14954126737e-05 ,  2.2401076692e-05 ,  2.05182625457e-05 ,  2.03782293941e-05 ,  3.03888383999e-05 ,  3.43663262404e-05 ,  2.28164480126e-05 ,  2.28164480126e-05 ,  2.23010146151e-05 ,  2.21963473344e-05 ,  2.04944213179e-05 ,  1.56411744385e-05 ,  1.56103594144e-05 ,  1.5481135502e-05 ,  1.53561908892e-05 ,  1.53561908892e-05 ,  1.51849260964e-05 ,  1.67100416263e-05 ,  1.65383589892e-05 ,  1.63778694531e-05 ,  1.59360404646e-05 ,  1.4797319413e-05 ,  1.4675096602e-05 ,  2.49345940253e-05 ,  1.33475669271e-05 ,  1.33475669271e-05 ,  2.88338247888e-05 ,  3.38185752972e-05 ,  3.31188291447e-05 ,  2.18179520302e-05 ,  2.03101857249e-05 ,  2.03331092028e-05 ,  1.72316550665e-05 ,  1.54818359135e-05 ,  2.04065947723e-05 ,  2.04229617919e-05 ,  1.526253193e-05 ,  1.51222426559e-05 ,  2.49342143439e-05 ,  1.55507995274e-05 ,  1.55507995274e-05 ,  1.55507995274e-05 ,  1.56241751029e-05 ,  2.06793082302e-05 ,  1.9738304914e-05 ,  1.13952961411e-05 ,  1.13438724846e-05 ,  1.32248835357e-05 },
        { 6.62980613017e-05 , 9.85639816655e-05 ,  2.53411984235e-05 ,  1.55802315447e-05 ,  2.47843655439e-05 ,  1.60665906168e-05 ,  1.54418764296e-05 ,  1.53105796662e-05 ,  2.44752908138e-05 ,  2.73860347253e-05 ,  1.77426683726e-05 ,  1.77426683726e-05 ,  1.72857905031e-05 ,  1.71629052351e-05 ,  1.56411744385e-05 ,  1.11464696823e-05 ,  1.10108147823e-05 ,  1.08988722709e-05 ,  1.08691309672e-05 ,  1.08691309672e-05 ,  1.06672985827e-05 ,  1.24017621942e-05 ,  1.22477918647e-05 ,  1.21035528281e-05 ,  1.15752975334e-05 ,  1.07972120049e-05 ,  1.06876655826e-05 ,  1.81665357633e-05 ,  9.2856304156e-06 ,  9.2856304156e-06 ,  2.30648253181e-05 ,  2.67592564479e-05 ,  2.61241492421e-05 ,  1.58013367217e-05 ,  1.56784653591e-05 ,  1.54607854913e-05 ,  1.23608322597e-05 ,  1.10620278518e-05 ,  1.53571073842e-05 ,  1.58343731358e-05 ,  1.07555425579e-05 ,  1.06350747795e-05 ,  1.81661829049e-05 ,  1.11253369191e-05 ,  1.11253369191e-05 ,  1.11253369191e-05 ,  1.11926092338e-05 ,  1.57843574438e-05 ,  1.45286163599e-05 ,  8.12830232968e-06 ,  8.08122639084e-06 ,  9.17632391694e-06 },
        { 6.35485574041e-05 , 9.00706615545e-05 ,  2.49801344142e-05 ,  1.56197351028e-05 ,  2.44983415194e-05 ,  1.5574097203e-05 ,  1.55058985088e-05 ,  1.53980402108e-05 ,  2.38463825373e-05 ,  2.675988642e-05 ,  1.68659358626e-05 ,  1.68659358626e-05 ,  1.64804071246e-05 ,  1.64266558104e-05 ,  1.56103594144e-05 ,  1.10108147823e-05 ,  1.05089482042e-05 ,  1.04203823491e-05 ,  1.05377211531e-05 ,  1.05377211531e-05 ,  1.0233838151e-05 ,  1.19330168963e-05 ,  1.1808360564e-05 ,  1.16918114782e-05 ,  1.11140550528e-05 ,  1.03968751759e-05 ,  1.03094463156e-05 ,  1.8345733142e-05 ,  9.02601894392e-06 ,  9.02601894392e-06 ,  2.26129454054e-05 ,  2.63266322585e-05 ,  2.57751477808e-05 ,  1.50009156225e-05 ,  1.58605362299e-05 ,  1.54913651527e-05 ,  1.23344485487e-05 ,  1.09388667831e-05 ,  1.53180598102e-05 ,  1.58929204117e-05 ,  1.02183479178e-05 ,  1.01227859693e-05 ,  1.83454479017e-05 ,  1.09886481247e-05 ,  1.09886481247e-05 ,  1.09886481247e-05 ,  1.10416090304e-05 ,  1.57599108283e-05 ,  1.46091901474e-05 ,  7.94874173275e-06 ,  7.91209826458e-06 ,  8.94128227765e-06 },
        { 6.34792356359e-05 , 9.00198991652e-05 ,  2.4830676441e-05 ,  1.54816385773e-05 ,  2.43459260323e-05 ,  1.54736491691e-05 ,  1.53667790027e-05 ,  1.52579373012e-05 ,  2.37289249176e-05 ,  2.66204225808e-05 ,  1.67734357387e-05 ,  1.67734357387e-05 ,  1.63857307725e-05 ,  1.63282018829e-05 ,  1.5481135502e-05 ,  1.08988722709e-05 ,  1.04203823491e-05 ,  1.03310572664e-05 ,  1.04459185401e-05 ,  1.04459185401e-05 ,  1.01433006582e-05 ,  1.18398998648e-05 ,  1.17142526765e-05 ,  1.15967578316e-05 ,  1.10219792225e-05 ,  1.03091881418e-05 ,  1.02210092483e-05 ,  1.81644782563e-05 ,  8.93594316423e-06 ,  8.93594316423e-06 ,  2.24890466124e-05 ,  2.61755253845e-05 ,  2.56207885556e-05 ,  1.49075074577e-05 ,  1.57268618804e-05 ,  1.53586148234e-05 ,  1.22068381963e-05 ,  1.08276526296e-05 ,  1.5184653846e-05 ,  1.57663120873e-05 ,  1.01353055937e-05 ,  1.00389531869e-05 ,  1.81641901697e-05 ,  1.08779429387e-05 ,  1.08779429387e-05 ,  1.08779429387e-05 ,  1.09314402047e-05 ,  1.56294415867e-05 ,  1.44664606119e-05 ,  7.86861429241e-06 ,  7.83159592274e-06 ,  8.85034411913e-06 },
        { 6.27902071223e-05 , 9.05131710908e-05 ,  2.47931584878e-05 ,  1.53581225749e-05 ,  2.43035578427e-05 ,  1.42245642327e-05 ,  1.53920448847e-05 ,  1.52811311864e-05 ,  2.3747238639e-05 ,  2.65999133694e-05 ,  1.69250036911e-05 ,  1.69250036911e-05 ,  1.65296585668e-05 ,  1.62642622601e-05 ,  1.53561908892e-05 ,  1.08691309672e-05 ,  1.05377211531e-05 ,  1.04459185401e-05 ,  1.02030741762e-05 ,  1.02030741762e-05 ,  1.02545461443e-05 ,  1.19666247047e-05 ,  1.18377191294e-05 ,  1.17171581617e-05 ,  1.11490741445e-05 ,  1.04316541085e-05 ,  1.03409729142e-05 ,  1.81542009393e-05 ,  9.03423499416e-06 ,  9.03423499416e-06 ,  2.24944572966e-05 ,  2.61290915478e-05 ,  2.4767135426e-05 ,  1.43877979416e-05 ,  1.57162352437e-05 ,  1.52393594425e-05 ,  1.22760866122e-05 ,  1.09152420405e-05 ,  1.52272169507e-05 ,  1.57747028843e-05 ,  1.02522603663e-05 ,  1.0153265766e-05 ,  1.81539075128e-05 ,  1.09669348898e-05 ,  1.09669348898e-05 ,  1.09669348898e-05 ,  1.10219190201e-05 ,  1.55124786442e-05 ,  1.45027641112e-05 ,  7.96771864953e-06 ,  7.92950080476e-06 ,  8.94601491076e-06 },
        { 6.27902071223e-05 , 9.05131710908e-05 ,  2.47931584878e-05 ,  1.53581225749e-05 ,  2.43035578427e-05 ,  1.42245642327e-05 ,  1.53920448847e-05 ,  1.52811311864e-05 ,  2.3747238639e-05 ,  2.65999133694e-05 ,  1.69250036911e-05 ,  1.69250036911e-05 ,  1.65296585668e-05 ,  1.62642622601e-05 ,  1.53561908892e-05 ,  1.08691309672e-05 ,  1.05377211531e-05 ,  1.04459185401e-05 ,  1.02030741762e-05 ,  1.02030741762e-05 ,  1.02545461443e-05 ,  1.19666247047e-05 ,  1.18377191294e-05 ,  1.17171581617e-05 ,  1.11490741445e-05 ,  1.04316541085e-05 ,  1.03409729142e-05 ,  1.81542009393e-05 ,  9.03423499416e-06 ,  9.03423499416e-06 ,  2.24944572966e-05 ,  2.61290915478e-05 ,  2.4767135426e-05 ,  1.43877979416e-05 ,  1.57162352437e-05 ,  1.52393594425e-05 ,  1.22760866122e-05 ,  1.09152420405e-05 ,  1.52272169507e-05 ,  1.57747028843e-05 ,  1.02522603663e-05 ,  1.0153265766e-05 ,  1.81539075128e-05 ,  1.09669348898e-05 ,  1.09669348898e-05 ,  1.09669348898e-05 ,  1.10219190201e-05 ,  1.55124786442e-05 ,  1.45027641112e-05 ,  7.96771864953e-06 ,  7.92950080476e-06 ,  8.94601491076e-06 },
        { 6.29198324977e-05 , 8.93586135215e-05 ,  2.44148741115e-05 ,  1.51671197919e-05 ,  2.39274756065e-05 ,  1.52258058125e-05 ,  1.50508042877e-05 ,  1.49405556131e-05 ,  2.33959293227e-05 ,  2.62126463765e-05 ,  1.65544681952e-05 ,  1.65544681952e-05 ,  1.61639081669e-05 ,  1.60980055866e-05 ,  1.51849260964e-05 ,  1.06672985827e-05 ,  1.0233838151e-05 ,  1.01433006582e-05 ,  1.02545461443e-05 ,  1.02545461443e-05 ,  9.95426881522e-06 ,  1.1644765555e-05 ,  1.15175304707e-05 ,  1.13985136086e-05 ,  1.08317319354e-05 ,  1.01317485709e-05 ,  1.00423078757e-05 ,  1.77379790307e-05 ,  8.75443255523e-06 ,  8.75443255523e-06 ,  2.21504445931e-05 ,  2.57438322149e-05 ,  2.51864274529e-05 ,  1.46852518856e-05 ,  1.5415655437e-05 ,  1.50555089746e-05 ,  1.19360903494e-05 ,  1.05981474028e-05 ,  1.48824100097e-05 ,  1.54711712686e-05 ,  9.95945976374e-06 ,  9.86185629114e-06 ,  1.77376871031e-05 ,  1.06492796271e-05 ,  1.06492796271e-05 ,  1.06492796271e-05 ,  1.07036625151e-05 ,  1.53295332748e-05 ,  1.41500482339e-05 ,  7.71531287761e-06 ,  7.67761470136e-06 ,  8.66736129391e-06 },
        { 6.22521981146e-05 , 9.1405663902e-05 ,  2.57308954428e-05 ,  1.67772378633e-05 ,  2.52614682751e-05 ,  1.71890539706e-05 ,  1.66644269502e-05 ,  1.65576001602e-05 ,  2.46113801806e-05 ,  2.74689847803e-05 ,  1.82103568613e-05 ,  1.82103568613e-05 ,  1.78148722978e-05 ,  1.77456300081e-05 ,  1.67100416263e-05 ,  1.24017621942e-05 ,  1.19330168963e-05 ,  1.18398998648e-05 ,  1.19666247047e-05 ,  1.19666247047e-05 ,  1.1644765555e-05 ,  1.32995756846e-05 ,  1.31702383987e-05 ,  1.30493992649e-05 ,  1.25241070901e-05 ,  1.17410569231e-05 ,  1.16496440706e-05 ,  1.96869747148e-05 ,  1.03653367235e-05 ,  1.03653367235e-05 ,  2.33965841874e-05 ,  2.70238441806e-05 ,  2.64872234832e-05 ,  1.66328731778e-05 ,  1.67817711177e-05 ,  1.65899485583e-05 ,  1.37291877232e-05 ,  1.23133257568e-05 ,  1.65171264323e-05 ,  1.68372681828e-05 ,  1.16119718946e-05 ,  1.15111597197e-05 ,  1.96866947512e-05 ,  1.23644625072e-05 ,  1.23644625072e-05 ,  1.23644625072e-05 ,  1.24188874911e-05 ,  1.68561577024e-05 ,  1.58933512845e-05 ,  9.14668135319e-06 ,  9.10818910191e-06 ,  1.02764459384e-05 },
        { 6.21623245667e-05 , 9.13371523163e-05 ,  2.55359507469e-05 ,  1.65940329345e-05 ,  2.50628725344e-05 ,  1.70492443934e-05 ,  1.64799679698e-05 ,  1.63719376304e-05 ,  2.44564266348e-05 ,  2.72864604726e-05 ,  1.80833289672e-05 ,  1.80833289672e-05 ,  1.76850039442e-05 ,  1.76109610961e-05 ,  1.65383589892e-05 ,  1.22477918647e-05 ,  1.1808360564e-05 ,  1.17142526765e-05 ,  1.18377191294e-05 ,  1.18377191294e-05 ,  1.15175304707e-05 ,  1.31702383987e-05 ,  1.3039618306e-05 ,  1.29175573256e-05 ,  1.23953372545e-05 ,  1.16183206174e-05 ,  1.15259343773e-05 ,  1.94488672342e-05 ,  1.02388148965e-05 ,  1.02388148965e-05 ,  2.32335301018e-05 ,  2.68270090418e-05 ,  2.62863703787e-05 ,  1.65020054007e-05 ,  1.66064543961e-05 ,  1.6413946976e-05 ,  1.35559961832e-05 ,  1.21604494802e-05 ,  1.63392542855e-05 ,  1.66703427874e-05 ,  1.14946949303e-05 ,  1.13928450508e-05 ,  1.9448583843e-05 ,  1.22122263925e-05 ,  1.22122263925e-05 ,  1.22122263925e-05 ,  1.22673268027e-05 ,  1.6682964804e-05 ,  1.57030897656e-05 ,  9.03400236842e-06 ,  8.99502794505e-06 ,  1.01488160007e-05 },
        { 6.20790338829e-05 , 9.12737014725e-05 ,  2.53542009498e-05 ,  1.64226624791e-05 ,  2.48776667904e-05 ,  1.69188262934e-05 ,  1.63073988777e-05 ,  1.61982176688e-05 ,  2.43121427575e-05 ,  2.71164461237e-05 ,  1.79649689374e-05 ,  1.79649689374e-05 ,  1.75639598864e-05 ,  1.74854057435e-05 ,  1.63778694531e-05 ,  1.21035528281e-05 ,  1.16918114782e-05 ,  1.15967578316e-05 ,  1.17171581617e-05 ,  1.17171581617e-05 ,  1.13985136086e-05 ,  1.30493992649e-05 ,  1.29175573256e-05 ,  1.27943319074e-05 ,  1.22749618566e-05 ,  1.15035658589e-05 ,  1.1410250513e-05 ,  1.92258800558e-05 ,  1.01203142691e-05 ,  1.01203142691e-05 ,  2.30816031226e-05 ,  2.66435495638e-05 ,  2.60991108453e-05 ,  1.63799604009e-05 ,  1.64425396257e-05 ,  1.62493654038e-05 ,  1.33937184083e-05 ,  1.20172353044e-05 ,  1.61728970801e-05 ,  1.65143560578e-05 ,  1.13850829892e-05 ,  1.12822436369e-05 ,  1.92255933777e-05 ,  1.20696265999e-05 ,  1.20696265999e-05 ,  1.20696265999e-05 ,  1.21253750328e-05 ,  1.65210633842e-05 ,  1.55249321851e-05 ,  8.92845508991e-06 ,  8.88901790031e-06 ,  1.00292520478e-05 },
        { 6.19088024053e-05 , 8.98013893692e-05 ,  2.49263698847e-05 ,  1.5958502694e-05 ,  2.44514741772e-05 ,  1.61823574304e-05 ,  1.58442645941e-05 ,  1.57360397738e-05 ,  2.3895472426e-05 ,  2.66815566787e-05 ,  1.74128653092e-05 ,  1.74128653092e-05 ,  1.70192958524e-05 ,  1.69474272042e-05 ,  1.59360404646e-05 ,  1.15752975334e-05 ,  1.11140550528e-05 ,  1.10219792225e-05 ,  1.11490741445e-05 ,  1.11490741445e-05 ,  1.08317319354e-05 ,  1.25241070901e-05 ,  1.23953372545e-05 ,  1.22749618566e-05 ,  1.17282542993e-05 ,  1.0992749322e-05 ,  1.09018796608e-05 ,  1.86558992804e-05 ,  9.60069599364e-06 ,  9.60069599364e-06 ,  2.26721451791e-05 ,  2.62160011659e-05 ,  2.56732653942e-05 ,  1.56642698765e-05 ,  1.60625699411e-05 ,  1.58096166559e-05 ,  1.28609041424e-05 ,  1.14979673466e-05 ,  1.56963865917e-05 ,  1.61265908234e-05 ,  1.08129674932e-05 ,  1.07135016305e-05 ,  1.8655614944e-05 ,  1.15492331892e-05 ,  1.15492331892e-05 ,  1.15492331892e-05 ,  1.1603778541e-05 ,  1.60790105755e-05 ,  1.5023240582e-05 ,  8.48980383923e-06 ,  8.45145582258e-06 ,  9.51236944267e-06 },
        { 5.71346276169e-05 , 8.24349504582e-05 ,  2.2914775586e-05 ,  1.47856974639e-05 ,  2.24725805695e-05 ,  1.49840910081e-05 ,  1.46778546441e-05 ,  1.45756747684e-05 ,  2.21355754043e-05 ,  2.45482149462e-05 ,  1.62796218999e-05 ,  1.62796218999e-05 ,  1.59073122461e-05 ,  1.58260008402e-05 ,  1.4797319413e-05 ,  1.07972120049e-05 ,  1.03968751759e-05 ,  1.03091881418e-05 ,  1.04316541085e-05 ,  1.04316541085e-05 ,  1.01317485709e-05 ,  1.17410569231e-05 ,  1.16183206174e-05 ,  1.15035658589e-05 ,  1.0992749322e-05 ,  1.03294808892e-05 ,  1.02425535861e-05 ,  1.70850240393e-05 ,  8.99873553491e-06 ,  8.99873553491e-06 ,  2.09901146035e-05 ,  2.40724395987e-05 ,  2.35679160279e-05 ,  1.4566893225e-05 ,  1.49082462879e-05 ,  1.46702516503e-05 ,  1.19469487246e-05 ,  1.07294672909e-05 ,  1.45566038522e-05 ,  1.49878953186e-05 ,  1.01254588256e-05 ,  1.0030697075e-05 ,  1.70847581682e-05 ,  1.07783395277e-05 ,  1.07783395277e-05 ,  1.07783395277e-05 ,  1.08303330468e-05 ,  1.49247545633e-05 ,  1.39050236281e-05 ,  8.01269943339e-06 ,  7.97572808335e-06 ,  8.91418001717e-06 },
        { 5.70724792663e-05 , 8.23886253615e-05 ,  2.27780052273e-05 ,  1.46552572417e-05 ,  2.23331023243e-05 ,  1.48876773091e-05 ,  1.4546447411e-05 ,  1.44433379204e-05 ,  2.2026817357e-05 ,  2.44205945673e-05 ,  1.61905564419e-05 ,  1.61905564419e-05 ,  1.58161503404e-05 ,  1.57313754832e-05 ,  1.4675096602e-05 ,  1.06876655826e-05 ,  1.03094463156e-05 ,  1.02210092483e-05 ,  1.03409729142e-05 ,  1.03409729142e-05 ,  1.00423078757e-05 ,  1.16496440706e-05 ,  1.15259343773e-05 ,  1.1410250513e-05 ,  1.09018796608e-05 ,  1.02425535861e-05 ,  1.01548821997e-05 ,  1.69165743034e-05 ,  8.90911714171e-06 ,  8.90911714171e-06 ,  2.08753897082e-05 ,  2.39346070344e-05 ,  2.34271153059e-05 ,  1.44764043212e-05 ,  1.4782873955e-05 ,  1.45448123048e-05 ,  1.18235982113e-05 ,  1.0620605148e-05 ,  1.44301048334e-05 ,  1.48687638221e-05 ,  1.00433543163e-05 ,  9.94781047782e-06 ,  1.69163057849e-05 ,  1.06699760233e-05 ,  1.06699760233e-05 ,  1.06699760233e-05 ,  1.07224950113e-05 ,  1.48014722333e-05 ,  1.37694562024e-05 ,  7.93209304816e-06 ,  7.89474422476e-06 ,  8.82370287328e-06 },
